E:\C-C++ Code>seidel
    1 0.75  0.5 0.25 0.25  0.5 0.75    1
 0.75    0    0    0    0    0    0 0.75
  0.5    0    0    0    0    0    0  0.5
 0.25    0    0    0    0    0    0 0.25
 0.25    0    0    0    0    0    0 0.25
  0.5    0    0    0    0    0    0  0.5
 0.75    0    0    0    0    0    0 0.75
    1 0.75  0.5 0.25 0.25  0.5 0.75    1
Error of 1.1. Trying again...
Error of 0.23. Trying again...
Error of 0.1. Trying again...
Did it in 4 sweeps.
    1 0.75  0.5 0.25 0.25  0.5 0.75    1
 0.75 0.55 0.37 0.24 0.24 0.38 0.56 0.75
  0.5 0.37 0.26 0.18 0.18 0.26 0.39  0.5
 0.25 0.24 0.18 0.13 0.13 0.18 0.26 0.25
 0.25 0.24 0.18 0.13 0.12 0.18 0.27 0.25
  0.5 0.38 0.26 0.18 0.18 0.27  0.4  0.5
 0.75 0.56 0.39 0.26 0.27  0.4 0.57 0.75
    1 0.75  0.5 0.25 0.25  0.5 0.75    1
